4, 5, 6, 7, 8, 9
0, 1, 3, 4, 5, 6, 7, 8, 9
2, 3, 5, 6, 7, 9
0, 1, 3, 4, 5, 6, 7, 8, 9
3, 4, 5, 6, 7, 8, 9
0, 4, 5, 6, 7, 8, 9
0, 1, 3, 4, 5, 6, 8, 9
3, 4, 5, 6, 7, 8, 9
0, 3, 5, 6, 7, 8, 9
0, 1, 3, 4, 5, 6, 7, 8, 9
8, 9, 3, 5, 7
0, 3, 4, 5, 6, 7, 8, 9
0, 1, 3, 4, 5, 6, 7, 8, 9
0, 1, 2, 3, 4, 5, 6, 7, 8, 9
0, 3, 4, 5, 6, 8, 9
0, 1, 3, 4, 6, 7, 8
0, 9, 3, 4, 7
0, 3, 4, 5, 6, 7, 8, 9
0, 8, 9, 5, 7
0, 9, 3, 5
0, 3, 4, 5, 6, 7, 8, 9
0, 1, 3, 5, 6, 7, 8, 9
0, 2, 3, 4, 5, 6, 7, 8, 9
0, 3, 5, 6, 7, 8, 9
0, 2, 3, 4, 5, 6, 8, 9
0, 1, 3, 4, 6, 7, 8, 9
8, 3, 5
0, 1, 3, 4, 5, 6, 7, 8, 9
0, 3, 4, 5, 7, 8, 9
0, 8, 4, 7
0, 3, 4, 5, 6, 7, 8, 9
3, 4, 5, 6, 8, 9
8, 9, 3, 4
0, 3, 4, 5, 6, 8
8, 9, 3, 4, 7
1, 3, 4, 6, 7, 8, 9
3, 4, 6, 7, 8, 9
0, 1, 3, 8, 7
0, 3, 5, 6, 8, 9
0, 8, 3, 5, 9
3, 4, 5, 6, 7, 8, 9
0, 3, 4, 5, 7, 8, 9
0, 3, 4, 5, 8, 9
0, 3, 4, 6, 7, 8, 9
0, 3, 4, 5, 6, 7, 8, 9
0, 8, 3, 5
0, 3, 4, 5, 6, 7, 8, 9
3, 4, 5, 6, 7, 9
0, 1, 3, 4, 5, 6, 7, 8, 9
8, 3, 6, 7
0, 3, 5, 7, 8, 9
3, 4, 5, 7, 8, 9
0, 1, 3, 4, 5, 6, 7, 8, 9
0, 3, 4, 5, 6, 7, 8
0, 3, 5, 6, 7, 8, 9
0, 3, 4, 5, 6, 7, 8, 9
0, 2, 3, 5, 6, 7, 8, 9
0, 1, 2, 3, 4, 5, 6, 7, 8, 9
0, 3, 4, 5, 6, 7, 8, 9
3, 4, 5, 6, 7, 8, 9
0, 3, 4, 6, 7, 8, 9
0, 3, 4, 5, 8, 9
8, 9, 3, 7
0, 3, 4, 6, 7, 8, 9
0, 3, 5, 6, 7, 8, 9
0, 1, 3, 4, 5, 6, 7, 8, 9
0, 1, 2, 3, 4, 5, 6, 7, 8, 9
0, 1, 3, 8, 9
0, 3, 4, 5, 6, 7, 8, 9
0, 8, 4, 6, 9
0, 3, 4, 5, 7, 8, 9
0, 2, 3, 4, 5, 6, 7, 8, 9
0, 8, 6
0, 3, 4, 5, 6, 7, 8, 9
0, 3, 5, 6, 7, 8, 9
0, 3, 4, 5, 7, 8, 9
0, 2, 3, 4, 5, 7, 8, 9
0, 1, 3, 4, 5, 6, 7, 8, 9
0, 2, 3, 4, 5, 6, 8, 9
9, 3, 5
0, 3, 4, 5, 6, 7, 8, 9
0, 3, 5, 6, 8, 9
0, 3, 5, 6, 7, 8, 9
0, 1, 3, 5, 8, 9
1, 3, 4, 5, 6, 7, 8, 9
3, 4, 5, 6, 7, 8, 9
0, 1, 3, 4, 5, 6, 7, 8, 9
0, 1, 3, 4, 5, 6, 7, 8, 9
0, 1, 2, 3, 4, 5, 6, 7, 8, 9
0, 1, 2, 3, 4, 5, 6, 7, 8, 9
3, 4, 5, 7, 8, 9
3, 4, 5, 6, 7, 8, 9
0, 3, 4, 5, 6, 7, 8, 9
0, 1, 3, 4, 5, 6, 7, 8, 9
3, 4, 5, 7, 8, 9
0, 2, 3, 4, 5, 6, 7, 8, 9
0, 1, 3, 7, 8, 9]]